1001 1301 1501 2001 2301 2501 2801 3001 5001 6001 6301 6501 7001 7301 7501 7801
1005 1305 1505 2005 2305 2505 2805 9999 5005 6005 6305 6505 7005 7305 7505 7805
1006 1306 1506 2006 2306 2506 2806 9999 5006 6006 6306 6506 7006 7306 7506 7806
1007 1307 1507 2007 2307 2507 2807 9999 5007 6007 6307 6507 7007 7307 7507 7807
1008 1308 1508 2008 2308 2508 2808 9999 5008 6008 6308 6508 7008 7308 7508 7808
1011 1311 1511 2011 2311 2511 2811 9999 5011 6011 6311 6511 9999 9999 9999 9999
1012 1312 1512 2012 2312 2512 2812 9999 5012 6012 6312 6512 9999 9999 9999 9999
1013 1313 1513 2013 2313 2513 2813 9999 5013 6013 6313 6513 9999 9999 9999 9999
1014 1314 1514 2014 2314 2514 2814 9999 5014 6014 6314 6514 9999 9999 9999 9999
1021 1321 1521 2021 2321 2521 2821 9999 5021 6021 6321 6521 9999 9999 9999 9999
1022 1322 1522 2022 2322 2522 2822 9999 5022 6022 6322 6522 9999 9999 9999 9999
1023 1323 1523 2023 2323 2523 2823 9999 5023 6023 6323 6523 9999 9999 9999 9999
1041 1341 1541 2041 2341 2541 2841 9999 5041 6041 6341 6541 9999 9999 9999 9999
1091 1391 1591 2091 2391 2591 2891 9999 5091 6091 6391 6591 7091 7391 7591 7891
1092 1392 1592 2092 2392 2592 2892 3092 5092 6092 6392 6592 7092 7392 7592 7892
1205 1405 1705 2205 2405 2705 2905 3205 5205 6205 6405 6705 7205 7405 7705 7905
1207 1407 1707 2207 2407 2707 2907 3207 5207 6207 6407 6707 7207 7407 7707 7907
1211 1411 1711 2211 2411 2711 2911 9999 5211 6211 6411 6711 9999 9999 9999 9999
1213 1413 1713 2213 2413 2713 2913 9999 5213 6213 6413 6713 9999 9999 9999 9999
1291 1491 1791 2291 2491 2791 2991 3291 5291 6291 6491 6791 7291 7491 7791 7991
1292 1492 1792 2292 2492 2792 2992 3292 5292 6292 6492 6792 7292 7492 7792 7992
1293 1493 1793 2293 2493 2793 2993 3293 5293 6293 6493 6793 7293 7493 7793 7993
9999 9999 9999 9999 9999 9999 9999 9999 9999 6296 6496 6796 9999 9999 9999 9999
