# -----------Freq Fresnel file----------
# Columns:
#        1 - Shower Number
#        2 - Antenna Number
#        3 - Antenna X (m)
#        4 - Antenna Y (m)
#        5 - Antenna Z (m)
#        6 - Frequency #
#        7 - Frequency (MHz)
#        8 - |E| (V/M MHz)
#        9 -  Ex  (V/M MHz)
#        10 - Ey  (V/M MHz)
#        11 - Ez  (V/M MHz)
#
# new shower    1
#
   1   1   1500.00      0.00  97200.00   1  5.000E+01  5.170E-05  2.356E-06  5.121E-05  6.651E-06
   1   1   1500.00      0.00  97200.00   2  1.000E+02  1.663E-05  7.370E-07  1.659E-05  8.858E-07
   1   1   1500.00      0.00  97200.00   3  3.000E+02  4.058E-06  8.251E-07  2.645E-06  2.966E-06
   1   1   1500.00      0.00  97200.00   4  5.000E+02  4.688E-06  2.018E-06  4.947E-07  4.203E-06
   1   1   1500.00      0.00  97200.00   5  8.000E+02  8.694E-06  1.914E-06  6.967E-06  4.836E-06
   1   2   1438.78      0.00  97200.00   1  5.000E+01  6.097E-05  2.476E-06  6.059E-05  6.359E-06
   1   2   1438.78      0.00  97200.00   2  1.000E+02  2.276E-05  4.824E-07  2.268E-05  1.869E-06
   1   2   1438.78      0.00  97200.00   3  3.000E+02  6.335E-06  9.113E-07  5.865E-06  2.215E-06
   1   2   1438.78      0.00  97200.00   4  5.000E+02  5.933E-06  1.803E-06  3.676E-06  4.294E-06
   1   2   1438.78      0.00  97200.00   5  8.000E+02  6.808E-06  3.035E-06  1.488E-06  5.909E-06
   1   3   1377.55      0.00  97200.00   1  5.000E+01  7.014E-05  2.392E-06  6.983E-05  6.083E-06
   1   3   1377.55      0.00  97200.00   2  1.000E+02  3.002E-05  1.306E-06  2.979E-05  3.397E-06
   1   3   1377.55      0.00  97200.00   3  3.000E+02  4.620E-06  1.545E-06  3.669E-06  2.344E-06
   1   3   1377.55      0.00  97200.00   4  5.000E+02  7.719E-06  2.848E-06  4.225E-06  5.799E-06
   1   3   1377.55      0.00  97200.00   5  8.000E+02  4.757E-06  1.858E-06  3.575E-06  2.530E-06
   1   4   1316.33      0.00  97200.00   1  5.000E+01  7.936E-05  2.315E-06  7.912E-05  5.684E-06
   1   4   1316.33      0.00  97200.00   2  1.000E+02  3.899E-05  1.388E-06  3.878E-05  3.832E-06
   1   4   1316.33      0.00  97200.00   3  3.000E+02  6.329E-06  1.152E-06  5.683E-06  2.538E-06
   1   4   1316.33      0.00  97200.00   4  5.000E+02  3.500E-06  1.111E-06  2.252E-06  2.438E-06
   1   4   1316.33      0.00  97200.00   5  8.000E+02  9.831E-06  1.857E-06  7.878E-06  5.580E-06
   1   5   1255.10      0.00  97200.00   1  5.000E+01  9.064E-05  3.472E-06  9.021E-05  8.032E-06
   1   5   1255.10      0.00  97200.00   2  1.000E+02  5.101E-05  1.510E-06  5.083E-05  3.965E-06
   1   5   1255.10      0.00  97200.00   3  3.000E+02  5.675E-06  1.199E-06  5.011E-06  2.378E-06
   1   5   1255.10      0.00  97200.00   4  5.000E+02  3.382E-06  1.229E-06  1.648E-06  2.685E-06
   1   5   1255.10      0.00  97200.00   5  8.000E+02  2.505E-06  1.358E-07  2.398E-06  7.140E-07
   1   6   1193.88      0.00  97200.00   1  5.000E+01  1.017E-04  3.384E-06  1.013E-04  9.011E-06
   1   6   1193.88      0.00  97200.00   2  1.000E+02  6.217E-05  1.551E-06  6.195E-05  4.989E-06
   1   6   1193.88      0.00  97200.00   3  3.000E+02  1.413E-05  1.185E-06  1.380E-05  2.812E-06
   1   6   1193.88      0.00  97200.00   4  5.000E+02  4.884E-06  9.330E-07  4.064E-06  2.542E-06
   1   6   1193.88      0.00  97200.00   5  8.000E+02  1.065E-05  3.557E-06  3.145E-06  9.532E-06
   1   7   1132.65      0.00  97200.00   1  5.000E+01  1.124E-04  3.570E-06  1.119E-04  9.700E-06
   1   7   1132.65      0.00  97200.00   2  1.000E+02  7.556E-05  2.607E-06  7.526E-05  6.133E-06
   1   7   1132.65      0.00  97200.00   3  3.000E+02  2.057E-05  9.976E-07  2.046E-05  1.963E-06
   1   7   1132.65      0.00  97200.00   4  5.000E+02  1.050E-05  1.608E-06  8.987E-06  5.195E-06
   1   7   1132.65      0.00  97200.00   5  8.000E+02  1.050E-05  3.053E-06  4.598E-06  8.929E-06
   1   8   1071.43      0.00  97200.00   1  5.000E+01  1.233E-04  4.337E-06  1.228E-04  1.085E-05
   1   8   1071.43      0.00  97200.00   2  1.000E+02  9.062E-05  2.056E-06  9.049E-05  4.408E-06
   1   8   1071.43      0.00  97200.00   3  3.000E+02  3.604E-05  7.909E-07  3.592E-05  2.826E-06
   1   8   1071.43      0.00  97200.00   4  5.000E+02  1.437E-05  7.857E-07  1.419E-05  2.115E-06
   1   8   1071.43      0.00  97200.00   5  8.000E+02  1.247E-05  2.296E-06  1.033E-05  6.610E-06
   1   9   1010.20      0.00  97200.00   1  5.000E+01  1.307E-04  3.659E-06  1.303E-04  1.006E-05
   1   9   1010.20      0.00  97200.00   2  1.000E+02  1.064E-04  2.227E-06  1.063E-04  5.458E-06
   1   9   1010.20      0.00  97200.00   3  3.000E+02  5.531E-05  1.340E-06  5.516E-05  3.809E-06
   1   9   1010.20      0.00  97200.00   4  5.000E+02  3.935E-05  2.484E-06  3.884E-05  5.838E-06
   1   9   1010.20      0.00  97200.00   5  8.000E+02  2.407E-05  8.971E-07  2.397E-05  1.927E-06
   1  10    948.98      0.00  97200.00   1  5.000E+01  1.386E-04  4.238E-06  1.381E-04  1.065E-05
   1  10    948.98      0.00  97200.00   2  1.000E+02  1.194E-04  2.803E-06  1.191E-04  7.088E-06
   1  10    948.98      0.00  97200.00   3  3.000E+02  7.765E-05  1.380E-06  7.751E-05  4.436E-06
   1  10    948.98      0.00  97200.00   4  5.000E+02  5.969E-05  2.626E-07  5.964E-05  2.338E-06
   1  10    948.98      0.00  97200.00   5  8.000E+02  4.587E-05  4.743E-07  4.584E-05  1.688E-06
   1  11    887.76      0.00  97200.00   1  5.000E+01  1.465E-04  4.565E-06  1.460E-04  1.066E-05
   1  11    887.76      0.00  97200.00   2  1.000E+02  1.338E-04  2.823E-06  1.335E-04  7.965E-06
   1  11    887.76      0.00  97200.00   3  3.000E+02  1.007E-04  2.402E-06  1.005E-04  6.001E-06
   1  11    887.76      0.00  97200.00   4  5.000E+02  8.380E-05  2.962E-06  8.336E-05  8.040E-06
   1  11    887.76      0.00  97200.00   5  8.000E+02  6.843E-05  6.831E-07  6.841E-05  1.486E-06
   1  12    826.53      0.00  97200.00   1  5.000E+01  1.523E-04  3.959E-06  1.520E-04  9.544E-06
   1  12    826.53      0.00  97200.00   2  1.000E+02  1.442E-04  3.144E-06  1.439E-04  8.631E-06
   1  12    826.53      0.00  97200.00   3  3.000E+02  1.221E-04  9.653E-07  1.221E-04  2.378E-06
   1  12    826.53      0.00  97200.00   4  5.000E+02  1.062E-04  2.471E-06  1.060E-04  6.654E-06
   1  12    826.53      0.00  97200.00   5  8.000E+02  8.096E-05  1.043E-06  8.094E-05  1.516E-06
   1  13    765.31      0.00  97200.00   1  5.000E+01  1.574E-04  3.369E-06  1.571E-04  1.000E-05
   1  13    765.31      0.00  97200.00   2  1.000E+02  1.509E-04  3.278E-06  1.506E-04  8.907E-06
   1  13    765.31      0.00  97200.00   3  3.000E+02  1.294E-04  4.504E-06  1.290E-04  9.594E-06
   1  13    765.31      0.00  97200.00   4  5.000E+02  9.929E-05  1.360E-06  9.920E-05  4.057E-06
   1  13    765.31      0.00  97200.00   5  8.000E+02  7.225E-05  2.914E-06  7.200E-05  5.230E-06
   1  14    704.08      0.00  97200.00   1  5.000E+01  1.603E-04  3.604E-06  1.600E-04  9.290E-06
   1  14    704.08      0.00  97200.00   2  1.000E+02  1.564E-04  3.819E-06  1.561E-04  8.425E-06
   1  14    704.08      0.00  97200.00   3  3.000E+02  1.212E-04  2.509E-06  1.210E-04  6.848E-06
   1  14    704.08      0.00  97200.00   4  5.000E+02  8.306E-05  1.364E-06  8.296E-05  3.721E-06
   1  14    704.08      0.00  97200.00   5  8.000E+02  4.858E-05  4.676E-07  4.856E-05  1.257E-06
   1  15    642.86      0.00  97200.00   1  5.000E+01  1.626E-04  2.841E-06  1.624E-04  8.097E-06
   1  15    642.86      0.00  97200.00   2  1.000E+02  1.557E-04  3.687E-06  1.554E-04  8.586E-06
   1  15    642.86      0.00  97200.00   3  3.000E+02  1.017E-04  2.855E-06  1.014E-04  6.542E-06
   1  15    642.86      0.00  97200.00   4  5.000E+02  5.876E-05  2.157E-06  5.832E-05  6.869E-06
   1  15    642.86      0.00  97200.00   5  8.000E+02  3.197E-05  7.180E-07  3.194E-05  1.234E-06
   1  16    581.63      0.00  97200.00   1  5.000E+01  1.624E-04  2.591E-06  1.622E-04  7.498E-06
   1  16    581.63      0.00  97200.00   2  1.000E+02  1.543E-04  3.960E-06  1.541E-04  8.087E-06
   1  16    581.63      0.00  97200.00   3  3.000E+02  6.889E-05  2.099E-06  6.855E-05  6.486E-06
   1  16    581.63      0.00  97200.00   4  5.000E+02  3.292E-05  2.170E-06  3.225E-05  6.223E-06
   1  16    581.63      0.00  97200.00   5  8.000E+02  1.569E-05  1.394E-06  1.530E-05  3.171E-06
   1  17    520.41      0.00  97200.00   1  5.000E+01  1.616E-04  3.193E-06  1.615E-04  5.844E-06
   1  17    520.41      0.00  97200.00   2  1.000E+02  1.469E-04  3.044E-06  1.466E-04  7.750E-06
   1  17    520.41      0.00  97200.00   3  3.000E+02  3.541E-05  2.850E-07  3.530E-05  2.837E-06
   1  17    520.41      0.00  97200.00   4  5.000E+02  1.064E-05  2.601E-06  9.220E-06  4.619E-06
   1  17    520.41      0.00  97200.00   5  8.000E+02  1.218E-05  2.419E-06  1.101E-05  4.616E-06
   1  18    459.18      0.00  97200.00   1  5.000E+01  1.592E-04  3.238E-06  1.590E-04  5.817E-06
   1  18    459.18      0.00  97200.00   2  1.000E+02  1.364E-04  1.940E-06  1.363E-04  6.016E-06
   1  18    459.18      0.00  97200.00   3  3.000E+02  9.432E-06  1.004E-06  8.808E-06  3.222E-06
   1  18    459.18      0.00  97200.00   4  5.000E+02  6.028E-06  1.287E-06  5.283E-06  2.603E-06
   1  18    459.18      0.00  97200.00   5  8.000E+02  4.059E-06  1.228E-06  1.779E-06  3.435E-06
   1  19    397.96      0.00  97200.00   1  5.000E+01  1.560E-04  2.561E-06  1.559E-04  6.119E-06
   1  19    397.96      0.00  97200.00   2  1.000E+02  1.265E-04  2.383E-06  1.264E-04  4.788E-06
   1  19    397.96      0.00  97200.00   3  3.000E+02  8.546E-06  1.903E-06  7.227E-06  4.145E-06
   1  19    397.96      0.00  97200.00   4  5.000E+02  2.797E-06  5.986E-07  2.568E-06  9.325E-07
   1  19    397.96      0.00  97200.00   5  8.000E+02  7.430E-06  1.053E-06  6.658E-06  3.126E-06
   1  20    336.73      0.00  97200.00   1  5.000E+01  1.525E-04  1.192E-06  1.524E-04  3.847E-06
   1  20    336.73      0.00  97200.00   2  1.000E+02  1.165E-04  1.475E-06  1.164E-04  3.981E-06
   1  20    336.73      0.00  97200.00   3  3.000E+02  5.368E-06  8.210E-07  4.862E-06  2.121E-06
   1  20    336.73      0.00  97200.00   4  5.000E+02  3.124E-06  9.103E-07  2.654E-06  1.375E-06
   1  20    336.73      0.00  97200.00   5  8.000E+02  3.703E-06  7.181E-07  2.381E-06  2.744E-06
   1  21    275.51      0.00  97200.00   1  5.000E+01  1.490E-04  1.273E-06  1.489E-04  3.176E-06
   1  21    275.51      0.00  97200.00   2  1.000E+02  1.081E-04  2.065E-06  1.080E-04  3.813E-06
   1  21    275.51      0.00  97200.00   3  3.000E+02  7.008E-06  1.571E-06  6.261E-06  2.729E-06
   1  21    275.51      0.00  97200.00   4  5.000E+02  1.441E-06  7.612E-07  1.053E-06  6.231E-07
   1  21    275.51      0.00  97200.00   5  8.000E+02  5.631E-06  1.834E-06  2.918E-06  4.453E-06
   1  22    214.29      0.00  97200.00   1  5.000E+01  1.465E-04  8.733E-07  1.464E-04  2.846E-06
   1  22    214.29      0.00  97200.00   2  1.000E+02  1.025E-04  1.992E-06  1.024E-04  3.068E-06
   1  22    214.29      0.00  97200.00   3  3.000E+02  6.382E-06  3.949E-07  6.199E-06  1.465E-06
   1  22    214.29      0.00  97200.00   4  5.000E+02  2.634E-06  6.639E-07  6.946E-07  2.452E-06
   1  22    214.29      0.00  97200.00   5  8.000E+02  9.177E-06  1.662E-06  7.126E-06  5.538E-06
   1  23    153.06      0.00  97200.00   1  5.000E+01  1.422E-04  5.870E-07  1.422E-04  1.229E-06
   1  23    153.06      0.00  97200.00   2  1.000E+02  9.658E-05  1.548E-06  9.652E-05  2.853E-06
   1  23    153.06      0.00  97200.00   3  3.000E+02  3.152E-06  4.284E-07  2.453E-06  1.931E-06
   1  23    153.06      0.00  97200.00   4  5.000E+02  5.234E-06  1.559E-06  3.077E-06  3.936E-06
   1  23    153.06      0.00  97200.00   5  8.000E+02  6.961E-06  8.403E-07  6.901E-06  3.407E-07
   1  24     91.84      0.00  97200.00   1  5.000E+01  1.413E-04  1.061E-06  1.413E-04  1.342E-06
   1  24     91.84      0.00  97200.00   2  1.000E+02  9.352E-05  1.042E-06  9.348E-05  2.502E-06
   1  24     91.84      0.00  97200.00   3  3.000E+02  6.030E-06  5.319E-07  5.952E-06  8.057E-07
   1  24     91.84      0.00  97200.00   4  5.000E+02  2.774E-06  5.941E-07  2.116E-06  1.693E-06
   1  24     91.84      0.00  97200.00   5  8.000E+02  6.153E-06  1.532E-06  4.556E-06  3.841E-06
   1  25     30.61      0.00  97200.00   1  5.000E+01  1.410E-04  5.099E-07  1.410E-04  9.858E-07
   1  25     30.61      0.00  97200.00   2  1.000E+02  9.164E-05  1.593E-06  9.156E-05  3.545E-06
   1  25     30.61      0.00  97200.00   3  3.000E+02  3.981E-06  8.216E-07  3.210E-06  2.208E-06
   1  25     30.61      0.00  97200.00   4  5.000E+02  3.997E-06  5.161E-07  3.077E-06  2.499E-06
   1  25     30.61      0.00  97200.00   5  8.000E+02  7.497E-06  5.224E-07  6.717E-06  3.288E-06
   1  26    -30.61      0.00  97200.00   1  5.000E+01  1.403E-04  3.461E-07  1.403E-04  5.102E-07
   1  26    -30.61      0.00  97200.00   2  1.000E+02  9.219E-05  8.617E-07  9.211E-05  3.547E-06
   1  26    -30.61      0.00  97200.00   3  3.000E+02  3.105E-06  3.760E-07  3.009E-06  6.692E-07
   1  26    -30.61      0.00  97200.00   4  5.000E+02  4.183E-06  1.317E-06  1.329E-06  3.741E-06
   1  26    -30.61      0.00  97200.00   5  8.000E+02  5.093E-06  1.453E-06  4.176E-06  2.528E-06
   1  27    -91.84      0.00  97200.00   1  5.000E+01  1.410E-04  2.202E-07  1.410E-04  8.730E-07
   1  27    -91.84      0.00  97200.00   2  1.000E+02  9.303E-05  1.381E-06  9.297E-05  3.050E-06
   1  27    -91.84      0.00  97200.00   3  3.000E+02  5.131E-06  9.217E-07  4.299E-06  2.645E-06
   1  27    -91.84      0.00  97200.00   4  5.000E+02  1.831E-06  3.182E-07  4.095E-07  1.756E-06
   1  27    -91.84      0.00  97200.00   5  8.000E+02  7.607E-06  2.056E-06  5.008E-06  5.344E-06
   1  28   -153.06      0.00  97200.00   1  5.000E+01  1.415E-04  7.150E-07  1.415E-04  2.321E-06
   1  28   -153.06      0.00  97200.00   2  1.000E+02  9.684E-05  7.812E-07  9.681E-05  2.194E-06
   1  28   -153.06      0.00  97200.00   3  3.000E+02  2.572E-06  7.981E-07  1.272E-06  2.088E-06
   1  28   -153.06      0.00  97200.00   4  5.000E+02  2.425E-06  4.322E-07  1.463E-06  1.885E-06
   1  28   -153.06      0.00  97200.00   5  8.000E+02  4.731E-06  8.871E-07  2.610E-06  3.845E-06
   1  29   -214.29      0.00  97200.00   1  5.000E+01  1.440E-04  1.289E-06  1.440E-04  1.596E-06
   1  29   -214.29      0.00  97200.00   2  1.000E+02  1.020E-04  1.547E-06  1.020E-04  2.279E-06
   1  29   -214.29      0.00  97200.00   3  3.000E+02  6.188E-06  1.223E-06  5.377E-06  2.807E-06
   1  29   -214.29      0.00  97200.00   4  5.000E+02  3.210E-06  1.131E-06  1.930E-06  2.301E-06
   1  29   -214.29      0.00  97200.00   5  8.000E+02  5.355E-06  1.684E-06  6.846E-07  5.037E-06
   1  30   -275.51      0.00  97200.00   1  5.000E+01  1.452E-04  1.119E-06  1.451E-04  3.492E-06
   1  30   -275.51      0.00  97200.00   2  1.000E+02  1.084E-04  9.516E-07  1.083E-04  3.540E-06
   1  30   -275.51      0.00  97200.00   3  3.000E+02  2.734E-06  4.347E-08  2.659E-06  6.381E-07
   1  30   -275.51      0.00  97200.00   4  5.000E+02  4.222E-06  7.478E-07  3.943E-06  1.313E-06
   1  30   -275.51      0.00  97200.00   5  8.000E+02  9.921E-06  3.302E-06  1.482E-06  9.237E-06
   1  31   -336.73      0.00  97200.00   1  5.000E+01  1.477E-04  1.436E-06  1.477E-04  4.505E-06
   1  31   -336.73      0.00  97200.00   2  1.000E+02  1.167E-04  1.319E-06  1.166E-04  4.103E-06
   1  31   -336.73      0.00  97200.00   3  3.000E+02  6.642E-06  1.610E-06  4.878E-06  4.211E-06
   1  31   -336.73      0.00  97200.00   4  5.000E+02  6.229E-06  1.008E-06  4.984E-06  3.598E-06
   1  31   -336.73      0.00  97200.00   5  8.000E+02  5.724E-06  3.487E-07  5.299E-06  2.137E-06
   1  32   -397.96      0.00  97200.00   1  5.000E+01  1.501E-04  1.618E-06  1.500E-04  4.804E-06
   1  32   -397.96      0.00  97200.00   2  1.000E+02  1.244E-04  2.103E-06  1.242E-04  5.973E-06
   1  32   -397.96      0.00  97200.00   3  3.000E+02  3.365E-06  4.438E-07  3.227E-06  8.445E-07
   1  32   -397.96      0.00  97200.00   4  5.000E+02  3.692E-06  4.020E-07  3.244E-06  1.716E-06
   1  32   -397.96      0.00  97200.00   5  8.000E+02  4.406E-06  6.161E-07  4.079E-06  1.547E-06
   1  33   -459.18      0.00  97200.00   1  5.000E+01  1.523E-04  1.922E-06  1.522E-04  5.562E-06
   1  33   -459.18      0.00  97200.00   2  1.000E+02  1.318E-04  1.759E-06  1.317E-04  5.779E-06
   1  33   -459.18      0.00  97200.00   3  3.000E+02  4.894E-06  5.544E-07  4.706E-06  1.223E-06
   1  33   -459.18      0.00  97200.00   4  5.000E+02  2.842E-06  1.023E-06  6.983E-07  2.558E-06
   1  33   -459.18      0.00  97200.00   5  8.000E+02  6.076E-06  1.383E-06  4.015E-06  4.345E-06
   1  34   -520.41      0.00  97200.00   1  5.000E+01  1.534E-04  2.341E-06  1.532E-04  6.684E-06
   1  34   -520.41      0.00  97200.00   2  1.000E+02  1.395E-04  2.455E-06  1.393E-04  6.589E-06
   1  34   -520.41      0.00  97200.00   3  3.000E+02  2.452E-05  4.911E-07  2.449E-05  1.087E-06
   1  34   -520.41      0.00  97200.00   4  5.000E+02  8.950E-06  1.820E-06  6.284E-06  6.107E-06
   1  34   -520.41      0.00  97200.00   5  8.000E+02  7.469E-06  4.838E-07  7.263E-06  1.671E-06
   1  35   -581.63      0.00  97200.00   1  5.000E+01  1.545E-04  2.712E-06  1.543E-04  7.347E-06
   1  35   -581.63      0.00  97200.00   2  1.000E+02  1.460E-04  2.715E-06  1.458E-04  7.162E-06
   1  35   -581.63      0.00  97200.00   3  3.000E+02  5.365E-05  3.512E-07  5.363E-05  1.622E-06
   1  35   -581.63      0.00  97200.00   4  5.000E+02  1.975E-05  1.108E-06  1.954E-05  2.667E-06
   1  35   -581.63      0.00  97200.00   5  8.000E+02  1.050E-05  1.379E-06  9.553E-06  4.123E-06
   1  36   -642.86      0.00  97200.00   1  5.000E+01  1.543E-04  2.906E-06  1.540E-04  8.274E-06
   1  36   -642.86      0.00  97200.00   2  1.000E+02  1.505E-04  2.497E-06  1.503E-04  7.321E-06
   1  36   -642.86      0.00  97200.00   3  3.000E+02  8.264E-05  1.461E-06  8.251E-05  4.406E-06
   1  36   -642.86      0.00  97200.00   4  5.000E+02  3.992E-05  1.077E-06  3.978E-05  3.149E-06
   1  36   -642.86      0.00  97200.00   5  8.000E+02  2.148E-05  1.867E-06  2.072E-05  5.349E-06
   1  37   -704.08      0.00  97200.00   1  5.000E+01  1.528E-04  3.431E-06  1.525E-04  9.212E-06
   1  37   -704.08      0.00  97200.00   2  1.000E+02  1.517E-04  2.940E-06  1.514E-04  8.604E-06
   1  37   -704.08      0.00  97200.00   3  3.000E+02  1.090E-04  1.612E-06  1.089E-04  4.715E-06
   1  37   -704.08      0.00  97200.00   4  5.000E+02  6.727E-05  1.530E-06  6.710E-05  4.616E-06
   1  37   -704.08      0.00  97200.00   5  8.000E+02  3.478E-05  1.054E-06  3.463E-05  3.102E-06
   1  38   -765.31      0.00  97200.00   1  5.000E+01  1.512E-04  3.176E-06  1.509E-04  9.340E-06
   1  38   -765.31      0.00  97200.00   2  1.000E+02  1.484E-04  2.257E-06  1.483E-04  7.004E-06
   1  38   -765.31      0.00  97200.00   3  3.000E+02  1.247E-04  2.666E-06  1.245E-04  7.514E-06
   1  38   -765.31      0.00  97200.00   4  5.000E+02  9.261E-05  2.526E-06  9.226E-05  7.733E-06
   1  38   -765.31      0.00  97200.00   5  8.000E+02  5.139E-05  1.521E-06  5.122E-05  3.828E-06
   1  39   -826.53      0.00  97200.00   1  5.000E+01  1.485E-04  3.283E-06  1.481E-04  9.628E-06
   1  39   -826.53      0.00  97200.00   2  1.000E+02  1.435E-04  2.253E-06  1.433E-04  6.685E-06
   1  39   -826.53      0.00  97200.00   3  3.000E+02  1.242E-04  1.748E-06  1.241E-04  4.993E-06
   1  39   -826.53      0.00  97200.00   4  5.000E+02  1.049E-04  2.506E-06  1.046E-04  7.223E-06
   1  39   -826.53      0.00  97200.00   5  8.000E+02  7.101E-05  1.795E-06  7.079E-05  5.283E-06
   1  40   -887.76      0.00  97200.00   1  5.000E+01  1.435E-04  3.332E-06  1.432E-04  9.539E-06
   1  40   -887.76      0.00  97200.00   2  1.000E+02  1.372E-04  1.812E-06  1.371E-04  5.342E-06
   1  40   -887.76      0.00  97200.00   3  3.000E+02  1.140E-04  1.906E-06  1.138E-04  5.557E-06
   1  40   -887.76      0.00  97200.00   4  5.000E+02  9.497E-05  3.888E-06  9.428E-05  1.078E-05
   1  40   -887.76      0.00  97200.00   5  8.000E+02  7.713E-05  8.104E-07  7.710E-05  2.119E-06
   1  41   -948.98      0.00  97200.00   1  5.000E+01  1.385E-04  3.173E-06  1.381E-04  9.815E-06
   1  41   -948.98      0.00  97200.00   2  1.000E+02  1.280E-04  1.825E-06  1.279E-04  5.286E-06
   1  41   -948.98      0.00  97200.00   3  3.000E+02  9.580E-05  1.790E-06  9.564E-05  5.268E-06
   1  41   -948.98      0.00  97200.00   4  5.000E+02  7.488E-05  3.219E-06  7.419E-05  9.596E-06
   1  41   -948.98      0.00  97200.00   5  8.000E+02  6.472E-05  2.600E-06  6.422E-05  7.538E-06
   1  42  -1010.20      0.00  97200.00   1  5.000E+01  1.320E-04  3.308E-06  1.316E-04  9.605E-06
   1  42  -1010.20      0.00  97200.00   2  1.000E+02  1.172E-04  1.691E-06  1.171E-04  4.792E-06
   1  42  -1010.20      0.00  97200.00   3  3.000E+02  7.668E-05  1.592E-06  7.653E-05  4.530E-06
   1  42  -1010.20      0.00  97200.00   4  5.000E+02  5.108E-05  2.355E-06  5.063E-05  6.347E-06
   1  42  -1010.20      0.00  97200.00   5  8.000E+02  3.818E-05  2.173E-06  3.769E-05  5.660E-06
   1  43  -1071.43      0.00  97200.00   1  5.000E+01  1.250E-04  2.936E-06  1.247E-04  8.837E-06
   1  43  -1071.43      0.00  97200.00   2  1.000E+02  1.045E-04  1.330E-06  1.045E-04  4.082E-06
   1  43  -1071.43      0.00  97200.00   3  3.000E+02  5.671E-05  5.592E-07  5.668E-05  1.750E-06
   1  43  -1071.43      0.00  97200.00   4  5.000E+02  3.183E-05  2.248E-06  3.101E-05  6.778E-06
   1  43  -1071.43      0.00  97200.00   5  8.000E+02  1.451E-05  9.405E-07  1.407E-05  3.431E-06
   1  44  -1132.65      0.00  97200.00   1  5.000E+01  1.174E-04  2.783E-06  1.171E-04  7.966E-06
   1  44  -1132.65      0.00  97200.00   2  1.000E+02  9.186E-05  1.374E-06  9.176E-05  4.099E-06
   1  44  -1132.65      0.00  97200.00   3  3.000E+02  3.456E-05  1.803E-06  3.409E-05  5.376E-06
   1  44  -1132.65      0.00  97200.00   4  5.000E+02  1.351E-05  4.715E-07  1.347E-05  8.666E-07
   1  44  -1132.65      0.00  97200.00   5  8.000E+02  9.782E-06  5.386E-07  9.671E-06  1.367E-06
   1  45  -1193.88      0.00  97200.00   1  5.000E+01  1.093E-04  2.398E-06  1.091E-04  7.217E-06
   1  45  -1193.88      0.00  97200.00   2  1.000E+02  7.943E-05  1.654E-06  7.925E-05  4.969E-06
   1  45  -1193.88      0.00  97200.00   3  3.000E+02  2.102E-05  1.065E-06  2.087E-05  2.269E-06
   1  45  -1193.88      0.00  97200.00   4  5.000E+02  7.487E-06  3.114E-07  7.399E-06  1.106E-06
   1  45  -1193.88      0.00  97200.00   5  8.000E+02  5.856E-06  1.745E-06  1.945E-06  5.240E-06
   1  46  -1255.10      0.00  97200.00   1  5.000E+01  1.019E-04  2.488E-06  1.017E-04  6.647E-06
   1  46  -1255.10      0.00  97200.00   2  1.000E+02  6.775E-05  1.649E-06  6.759E-05  4.307E-06
   1  46  -1255.10      0.00  97200.00   3  3.000E+02  1.298E-05  8.582E-07  1.274E-05  2.315E-06
   1  46  -1255.10      0.00  97200.00   4  5.000E+02  3.539E-06  1.966E-07  3.500E-06  4.863E-07
   1  46  -1255.10      0.00  97200.00   5  8.000E+02  5.233E-06  1.686E-06  1.725E-06  4.644E-06
   1  47  -1316.33      0.00  97200.00   1  5.000E+01  9.301E-05  2.546E-06  9.269E-05  7.163E-06
   1  47  -1316.33      0.00  97200.00   2  1.000E+02  5.572E-05  1.001E-06  5.563E-05  2.997E-06
   1  47  -1316.33      0.00  97200.00   3  3.000E+02  4.992E-06  1.127E-06  3.924E-06  2.872E-06
   1  47  -1316.33      0.00  97200.00   4  5.000E+02  3.047E-06  5.708E-07  2.075E-06  2.157E-06
   1  47  -1316.33      0.00  97200.00   5  8.000E+02  6.362E-06  1.131E-06  4.714E-06  4.120E-06
   1  48  -1377.55      0.00  97200.00   1  5.000E+01  8.477E-05  2.466E-06  8.443E-05  7.184E-06
   1  48  -1377.55      0.00  97200.00   2  1.000E+02  4.499E-05  7.025E-07  4.492E-05  2.358E-06
   1  48  -1377.55      0.00  97200.00   3  3.000E+02  3.496E-06  8.404E-07  1.587E-06  3.000E-06
   1  48  -1377.55      0.00  97200.00   4  5.000E+02  5.621E-06  1.199E-06  3.554E-06  4.187E-06
   1  48  -1377.55      0.00  97200.00   5  8.000E+02  3.313E-06  4.637E-07  2.908E-06  1.519E-06
   1  49  -1438.78      0.00  97200.00   1  5.000E+01  7.696E-05  2.348E-06  7.664E-05  6.561E-06
   1  49  -1438.78      0.00  97200.00   2  1.000E+02  3.667E-05  6.850E-07  3.659E-05  2.312E-06
   1  49  -1438.78      0.00  97200.00   3  3.000E+02  4.516E-06  2.289E-07  4.469E-06  6.090E-07
   1  49  -1438.78      0.00  97200.00   4  5.000E+02  5.476E-06  1.105E-06  4.043E-06  3.524E-06
   1  49  -1438.78      0.00  97200.00   5  8.000E+02  1.842E-06  4.567E-07  4.169E-07  1.735E-06
   1  50  -1500.00      0.00  97200.00   1  5.000E+01  6.934E-05  2.274E-06  6.895E-05  6.933E-06
   1  50  -1500.00      0.00  97200.00   2  1.000E+02  2.889E-05  6.103E-07  2.884E-05  1.567E-06
   1  50  -1500.00      0.00  97200.00   3  3.000E+02  4.005E-06  1.170E-06  2.131E-06  3.183E-06
   1  50  -1500.00      0.00  97200.00   4  5.000E+02  6.043E-06  5.846E-07  5.753E-06  1.755E-06
   1  50  -1500.00      0.00  97200.00   5  8.000E+02  4.829E-06  1.088E-06  3.603E-06  3.026E-06
   1  51      0.00   1500.00  97200.00   1  5.000E+01  1.489E-06  1.401E-07  1.451E-06  3.068E-07
   1  51      0.00   1500.00  97200.00   2  1.000E+02  2.561E-06  8.182E-07  1.373E-06  2.000E-06
   1  51      0.00   1500.00  97200.00   3  3.000E+02  2.937E-06  5.261E-07  1.960E-06  2.123E-06
   1  51      0.00   1500.00  97200.00   4  5.000E+02  3.491E-06  6.885E-07  2.827E-06  1.929E-06
   1  51      0.00   1500.00  97200.00   5  8.000E+02  4.144E-06  8.573E-07  2.555E-06  3.149E-06
   1  52      0.00   1438.78  97200.00   1  5.000E+01  9.789E-07  4.620E-07  1.262E-07  8.537E-07
   1  52      0.00   1438.78  97200.00   2  1.000E+02  2.913E-06  2.673E-08  2.699E-06  1.095E-06
   1  52      0.00   1438.78  97200.00   3  3.000E+02  3.572E-06  7.103E-07  3.154E-06  1.520E-06
   1  52      0.00   1438.78  97200.00   4  5.000E+02  2.578E-06  2.430E-07  2.460E-06  7.333E-07
   1  52      0.00   1438.78  97200.00   5  8.000E+02  6.446E-06  1.673E-06  3.217E-06  5.329E-06
   1  53      0.00   1377.55  97200.00   1  5.000E+01  9.399E-07  3.682E-07  1.705E-07  8.479E-07
   1  53      0.00   1377.55  97200.00   2  1.000E+02  1.937E-06  6.425E-07  4.877E-07  1.761E-06
   1  53      0.00   1377.55  97200.00   3  3.000E+02  4.273E-06  6.635E-07  3.820E-06  1.797E-06
   1  53      0.00   1377.55  97200.00   4  5.000E+02  4.798E-06  3.903E-07  3.833E-06  2.859E-06
   1  53      0.00   1377.55  97200.00   5  8.000E+02  5.828E-06  8.154E-07  4.296E-06  3.853E-06
   1  54      0.00   1316.33  97200.00   1  5.000E+01  9.979E-07  3.250E-07  7.025E-07  6.299E-07
   1  54      0.00   1316.33  97200.00   2  1.000E+02  2.703E-06  3.688E-07  2.577E-06  7.271E-07
   1  54      0.00   1316.33  97200.00   3  3.000E+02  3.272E-06  1.210E-06  8.262E-07  2.926E-06
   1  54      0.00   1316.33  97200.00   4  5.000E+02  8.440E-06  2.285E-06  4.843E-06  6.524E-06
   1  54      0.00   1316.33  97200.00   5  8.000E+02  6.271E-06  5.665E-07  6.193E-06  8.033E-07
   1  55      0.00   1255.10  97200.00   1  5.000E+01  1.467E-06  1.336E-07  1.355E-06  5.478E-07
   1  55      0.00   1255.10  97200.00   2  1.000E+02  2.679E-06  7.679E-07  1.922E-06  1.701E-06
   1  55      0.00   1255.10  97200.00   3  3.000E+02  6.113E-06  6.173E-07  5.851E-06  1.659E-06
   1  55      0.00   1255.10  97200.00   4  5.000E+02  2.832E-06  4.326E-07  1.955E-06  2.003E-06
   1  55      0.00   1255.10  97200.00   5  8.000E+02  6.216E-06  1.284E-06  5.786E-06  1.877E-06
   1  56      0.00   1193.88  97200.00   1  5.000E+01  1.954E-06  6.051E-07  1.143E-06  1.464E-06
   1  56      0.00   1193.88  97200.00   2  1.000E+02  2.478E-06  7.989E-07  1.750E-06  1.562E-06
   1  56      0.00   1193.88  97200.00   3  3.000E+02  1.180E-06  6.029E-07  9.055E-07  4.578E-07
   1  56      0.00   1193.88  97200.00   4  5.000E+02  1.620E-06  5.199E-07  7.073E-07  1.361E-06
   1  56      0.00   1193.88  97200.00   5  8.000E+02  7.968E-06  2.680E-06  4.850E-06  5.726E-06
   1  57      0.00   1132.65  97200.00   1  5.000E+01  3.447E-06  3.036E-07  3.333E-06  8.240E-07
   1  57      0.00   1132.65  97200.00   2  1.000E+02  1.059E-06  1.260E-07  1.031E-06  2.041E-07
   1  57      0.00   1132.65  97200.00   3  3.000E+02  4.688E-06  1.586E-06  1.855E-06  4.003E-06
   1  57      0.00   1132.65  97200.00   4  5.000E+02  2.332E-06  7.697E-07  1.888E-06  1.131E-06
   1  57      0.00   1132.65  97200.00   5  8.000E+02  3.370E-06  1.065E-06  1.254E-06  2.941E-06
   1  58      0.00   1071.43  97200.00   1  5.000E+01  1.979E-06  2.425E-07  1.792E-06  8.055E-07
   1  58      0.00   1071.43  97200.00   2  1.000E+02  1.602E-06  4.821E-07  1.325E-06  7.607E-07
   1  58      0.00   1071.43  97200.00   3  3.000E+02  1.545E-06  8.732E-08  1.470E-06  4.689E-07
   1  58      0.00   1071.43  97200.00   4  5.000E+02  5.078E-06  1.362E-06  3.567E-06  3.347E-06
   1  58      0.00   1071.43  97200.00   5  8.000E+02  4.764E-06  6.869E-07  4.242E-06  2.058E-06
   1  59      0.00   1010.20  97200.00   1  5.000E+01  8.984E-07  2.808E-07  2.858E-08  8.529E-07
   1  59      0.00   1010.20  97200.00   2  1.000E+02  1.933E-06  7.496E-07  5.970E-07  1.679E-06
   1  59      0.00   1010.20  97200.00   3  3.000E+02  2.028E-06  6.016E-07  1.745E-06  8.398E-07
   1  59      0.00   1010.20  97200.00   4  5.000E+02  4.654E-06  1.569E-06  2.456E-06  3.628E-06
   1  59      0.00   1010.20  97200.00   5  8.000E+02  3.269E-06  6.020E-07  2.718E-06  1.713E-06
   1  60      0.00    948.98  97200.00   1  5.000E+01  1.617E-06  1.956E-07  1.577E-06  3.022E-07
   1  60      0.00    948.98  97200.00   2  1.000E+02  2.730E-06  9.342E-07  1.840E-06  1.786E-06
   1  60      0.00    948.98  97200.00   3  3.000E+02  4.119E-06  1.003E-06  3.065E-06  2.563E-06
   1  60      0.00    948.98  97200.00   4  5.000E+02  1.623E-06  6.357E-08  1.118E-06  1.174E-06
   1  60      0.00    948.98  97200.00   5  8.000E+02  8.410E-06  7.701E-07  7.850E-06  2.919E-06
   1  61      0.00    887.76  97200.00   1  5.000E+01  1.948E-06  2.120E-07  1.869E-06  5.086E-07
   1  61      0.00    887.76  97200.00   2  1.000E+02  1.378E-06  1.421E-07  1.300E-06  4.358E-07
   1  61      0.00    887.76  97200.00   3  3.000E+02  5.810E-06  1.605E-06  4.385E-06  3.457E-06
   1  61      0.00    887.76  97200.00   4  5.000E+02  2.891E-06  9.827E-07  9.999E-07  2.528E-06
   1  61      0.00    887.76  97200.00   5  8.000E+02  5.166E-06  7.800E-07  4.910E-06  1.403E-06
   1  62      0.00    826.53  97200.00   1  5.000E+01  2.689E-06  9.115E-07  1.820E-06  1.757E-06
   1  62      0.00    826.53  97200.00   2  1.000E+02  2.795E-06  4.465E-07  2.613E-06  8.869E-07
   1  62      0.00    826.53  97200.00   3  3.000E+02  2.753E-06  5.161E-07  2.581E-06  8.070E-07
   1  62      0.00    826.53  97200.00   4  5.000E+02  7.280E-06  2.050E-06  3.607E-06  5.982E-06
   1  62      0.00    826.53  97200.00   5  8.000E+02  8.647E-06  2.541E-06  3.983E-06  7.243E-06
   1  63      0.00    765.31  97200.00   1  5.000E+01  7.483E-06  5.696E-07  7.431E-06  6.755E-07
   1  63      0.00    765.31  97200.00   2  1.000E+02  2.020E-06  1.846E-07  1.745E-06  1.002E-06
   1  63      0.00    765.31  97200.00   3  3.000E+02  2.241E-06  2.814E-07  1.990E-06  9.925E-07
   1  63      0.00    765.31  97200.00   4  5.000E+02  4.158E-06  9.668E-07  2.614E-06  3.085E-06
   1  63      0.00    765.31  97200.00   5  8.000E+02  6.931E-06  3.331E-07  6.839E-06  1.074E-06
   1  64      0.00    704.08  97200.00   1  5.000E+01  1.492E-05  8.091E-07  1.482E-05  1.537E-06
   1  64      0.00    704.08  97200.00   2  1.000E+02  2.385E-06  3.195E-07  2.333E-06  3.746E-07
   1  64      0.00    704.08  97200.00   3  3.000E+02  2.553E-06  5.726E-07  1.592E-06  1.913E-06
   1  64      0.00    704.08  97200.00   4  5.000E+02  5.325E-06  1.899E-06  7.563E-07  4.918E-06
   1  64      0.00    704.08  97200.00   5  8.000E+02  4.109E-06  1.384E-06  1.463E-06  3.582E-06
   1  65      0.00    642.86  97200.00   1  5.000E+01  2.626E-05  9.571E-07  2.623E-05  5.962E-07
   1  65      0.00    642.86  97200.00   2  1.000E+02  4.466E-06  2.261E-07  4.244E-06  1.372E-06
   1  65      0.00    642.86  97200.00   3  3.000E+02  5.133E-06  1.429E-06  4.013E-06  2.864E-06
   1  65      0.00    642.86  97200.00   4  5.000E+02  5.510E-06  5.076E-07  5.460E-06  5.446E-07
   1  65      0.00    642.86  97200.00   5  8.000E+02  1.047E-05  2.711E-06  7.173E-06  7.131E-06
   1  66      0.00    581.63  97200.00   1  5.000E+01  3.810E-05  1.490E-06  3.803E-05  1.576E-06
   1  66      0.00    581.63  97200.00   2  1.000E+02  7.898E-06  1.016E-06  7.648E-06  1.687E-06
   1  66      0.00    581.63  97200.00   3  3.000E+02  1.487E-06  2.662E-07  1.104E-06  9.602E-07
   1  66      0.00    581.63  97200.00   4  5.000E+02  9.938E-07  3.987E-07  7.924E-07  4.482E-07
   1  66      0.00    581.63  97200.00   5  8.000E+02  4.730E-06  9.122E-08  4.696E-06  5.610E-07
   1  67      0.00    520.41  97200.00   1  5.000E+01  5.679E-05  1.495E-06  5.675E-05  1.624E-06
   1  67      0.00    520.41  97200.00   2  1.000E+02  2.051E-05  1.639E-06  2.013E-05  3.559E-06
   1  67      0.00    520.41  97200.00   3  3.000E+02  2.652E-06  7.975E-07  1.318E-06  2.159E-06
   1  67      0.00    520.41  97200.00   4  5.000E+02  5.175E-06  1.907E-06  3.313E-06  3.489E-06
   1  67      0.00    520.41  97200.00   5  8.000E+02  6.036E-06  8.800E-07  5.769E-06  1.543E-06
   1  68      0.00    459.18  97200.00   1  5.000E+01  8.559E-05  1.300E-06  8.556E-05  1.861E-06
   1  68      0.00    459.18  97200.00   2  1.000E+02  4.314E-05  1.421E-06  4.311E-05  1.041E-06
   1  68      0.00    459.18  97200.00   3  3.000E+02  6.089E-06  1.555E-06  4.284E-06  4.038E-06
   1  68      0.00    459.18  97200.00   4  5.000E+02  9.536E-06  1.097E-06  9.298E-06  1.810E-06
   1  68      0.00    459.18  97200.00   5  8.000E+02  6.788E-06  3.084E-07  6.733E-06  8.067E-07
   1  69      0.00    397.96  97200.00   1  5.000E+01  1.163E-04  1.814E-06  1.162E-04  1.364E-06
   1  69      0.00    397.96  97200.00   2  1.000E+02  7.713E-05  2.060E-06  7.705E-05  2.995E-06
   1  69      0.00    397.96  97200.00   3  3.000E+02  2.344E-05  1.035E-06  2.337E-05  1.532E-06
   1  69      0.00    397.96  97200.00   4  5.000E+02  1.068E-05  1.040E-06  1.031E-05  2.581E-06
   1  69      0.00    397.96  97200.00   5  8.000E+02  3.771E-06  1.432E-06  7.571E-07  3.406E-06
   1  70      0.00    336.73  97200.00   1  5.000E+01  1.408E-04  2.524E-06  1.407E-04  4.808E-07
   1  70      0.00    336.73  97200.00   2  1.000E+02  1.179E-04  1.729E-06  1.179E-04  4.442E-07
   1  70      0.00    336.73  97200.00   3  3.000E+02  6.805E-05  1.147E-06  6.803E-05  1.425E-06
   1  70      0.00    336.73  97200.00   4  5.000E+02  4.584E-05  1.153E-06  4.578E-05  2.027E-06
   1  70      0.00    336.73  97200.00   5  8.000E+02  2.963E-05  6.112E-07  2.961E-05  9.047E-07
   1  71      0.00    275.51  97200.00   1  5.000E+01  1.588E-04  2.695E-06  1.588E-04  8.658E-07
   1  71      0.00    275.51  97200.00   2  1.000E+02  1.521E-04  1.945E-06  1.521E-04  1.006E-06
   1  71      0.00    275.51  97200.00   3  3.000E+02  1.241E-04  2.196E-06  1.241E-04  1.458E-06
   1  71      0.00    275.51  97200.00   4  5.000E+02  9.448E-05  2.278E-06  9.441E-05  2.833E-06
   1  71      0.00    275.51  97200.00   5  8.000E+02  6.679E-05  1.576E-06  6.673E-05  2.267E-06
   1  72      0.00    214.29  97200.00   1  5.000E+01  1.640E-04  1.642E-06  1.640E-04  1.489E-06
   1  72      0.00    214.29  97200.00   2  1.000E+02  1.587E-04  2.354E-06  1.587E-04  2.605E-06
   1  72      0.00    214.29  97200.00   3  3.000E+02  8.502E-05  2.413E-06  8.489E-05  3.982E-06
   1  72      0.00    214.29  97200.00   4  5.000E+02  3.845E-05  2.288E-06  3.790E-05  6.096E-06
   1  72      0.00    214.29  97200.00   5  8.000E+02  2.511E-05  3.035E-06  2.428E-05  5.637E-06
   1  73      0.00    153.06  97200.00   1  5.000E+01  1.587E-04  1.227E-06  1.587E-04  1.047E-06
   1  73      0.00    153.06  97200.00   2  1.000E+02  1.372E-04  1.813E-06  1.372E-04  4.002E-06
   1  73      0.00    153.06  97200.00   3  3.000E+02  6.391E-06  5.925E-07  5.865E-06  2.469E-06
   1  73      0.00    153.06  97200.00   4  5.000E+02  7.953E-06  3.979E-07  7.727E-06  1.839E-06
   1  73      0.00    153.06  97200.00   5  8.000E+02  5.274E-06  1.519E-06  4.119E-06  2.922E-06
   1  74      0.00     91.84  97200.00   1  5.000E+01  1.490E-04  8.249E-07  1.490E-04  1.469E-06
   1  74      0.00     91.84  97200.00   2  1.000E+02  1.098E-04  1.680E-06  1.098E-04  3.712E-06
   1  74      0.00     91.84  97200.00   3  3.000E+02  3.850E-06  1.042E-06  2.974E-06  2.211E-06
   1  74      0.00     91.84  97200.00   4  5.000E+02  5.403E-06  1.474E-06  1.648E-06  4.930E-06
   1  74      0.00     91.84  97200.00   5  8.000E+02  3.884E-06  1.110E-06  2.925E-06  2.302E-06
   1  75      0.00     30.61  97200.00   1  5.000E+01  1.417E-04  7.100E-07  1.417E-04  3.181E-07
   1  75      0.00     30.61  97200.00   2  1.000E+02  9.493E-05  1.098E-06  9.487E-05  3.117E-06
   1  75      0.00     30.61  97200.00   3  3.000E+02  5.388E-06  8.617E-07  4.547E-06  2.759E-06
   1  75      0.00     30.61  97200.00   4  5.000E+02  5.276E-06  1.546E-06  1.854E-06  4.691E-06
   1  75      0.00     30.61  97200.00   5  8.000E+02  1.134E-05  1.816E-06  9.868E-06  5.293E-06
   1  76      0.00    -30.61  97200.00   1  5.000E+01  1.398E-04  3.438E-07  1.398E-04  2.713E-07
   1  76      0.00    -30.61  97200.00   2  1.000E+02  9.267E-05  1.163E-06  9.264E-05  2.005E-06
   1  76      0.00    -30.61  97200.00   3  3.000E+02  4.178E-06  4.370E-07  4.077E-06  8.030E-07
   1  76      0.00    -30.61  97200.00   4  5.000E+02  2.196E-06  1.906E-07  1.762E-06  1.296E-06
   1  76      0.00    -30.61  97200.00   5  8.000E+02  4.774E-06  1.858E-06  2.909E-06  3.297E-06
   1  77      0.00    -91.84  97200.00   1  5.000E+01  1.431E-04  4.765E-07  1.431E-04  1.671E-07
   1  77      0.00    -91.84  97200.00   2  1.000E+02  1.042E-04  1.146E-06  1.042E-04  3.063E-06
   1  77      0.00    -91.84  97200.00   3  3.000E+02  1.603E-06  4.814E-07  1.442E-06  5.099E-07
   1  77      0.00    -91.84  97200.00   4  5.000E+02  2.423E-06  9.417E-07  8.690E-07  2.056E-06
   1  77      0.00    -91.84  97200.00   5  8.000E+02  3.188E-06  8.726E-07  1.164E-06  2.836E-06
   1  78      0.00   -153.06  97200.00   1  5.000E+01  1.501E-04  1.173E-06  1.501E-04  1.243E-06
   1  78      0.00   -153.06  97200.00   2  1.000E+02  1.292E-04  7.511E-07  1.292E-04  1.872E-06
   1  78      0.00   -153.06  97200.00   3  3.000E+02  5.081E-06  1.057E-06  2.697E-06  4.175E-06
   1  78      0.00   -153.06  97200.00   4  5.000E+02  3.845E-06  1.367E-06  2.442E-06  2.637E-06
   1  78      0.00   -153.06  97200.00   5  8.000E+02  6.545E-06  1.967E-06  2.679E-06  5.639E-06
   1  79      0.00   -214.29  97200.00   1  5.000E+01  1.507E-04  1.706E-06  1.507E-04  1.462E-06
   1  79      0.00   -214.29  97200.00   2  1.000E+02  1.456E-04  1.909E-06  1.455E-04  1.936E-06
   1  79      0.00   -214.29  97200.00   3  3.000E+02  8.018E-05  1.856E-06  8.015E-05  1.112E-06
   1  79      0.00   -214.29  97200.00   4  5.000E+02  3.559E-05  2.339E-06  3.524E-05  4.369E-06
   1  79      0.00   -214.29  97200.00   5  8.000E+02  1.507E-05  7.763E-07  1.495E-05  1.711E-06
   1  80      0.00   -275.51  97200.00   1  5.000E+01  1.435E-04  1.576E-06  1.434E-04  1.550E-06
   1  80      0.00   -275.51  97200.00   2  1.000E+02  1.382E-04  9.185E-07  1.381E-04  2.683E-06
   1  80      0.00   -275.51  97200.00   3  3.000E+02  1.117E-04  9.363E-07  1.117E-04  2.558E-06
   1  80      0.00   -275.51  97200.00   4  5.000E+02  8.871E-05  1.115E-06  8.857E-05  4.907E-06
   1  80      0.00   -275.51  97200.00   5  8.000E+02  6.451E-05  8.325E-07  6.439E-05  3.874E-06
   1  81      0.00   -336.73  97200.00   1  5.000E+01  1.258E-04  1.755E-06  1.258E-04  1.356E-06
   1  81      0.00   -336.73  97200.00   2  1.000E+02  1.084E-04  1.931E-06  1.084E-04  6.334E-07
   1  81      0.00   -336.73  97200.00   3  3.000E+02  6.265E-05  9.610E-07  6.261E-05  2.031E-06
   1  81      0.00   -336.73  97200.00   4  5.000E+02  4.333E-05  1.283E-06  4.325E-05  2.308E-06
   1  81      0.00   -336.73  97200.00   5  8.000E+02  2.467E-05  7.151E-07  2.457E-05  2.138E-06
   1  82      0.00   -397.96  97200.00   1  5.000E+01  1.034E-04  1.971E-06  1.034E-04  1.313E-06
   1  82      0.00   -397.96  97200.00   2  1.000E+02  6.810E-05  1.195E-06  6.809E-05  4.343E-07
   1  82      0.00   -397.96  97200.00   3  3.000E+02  2.147E-05  1.521E-06  2.109E-05  3.735E-06
   1  82      0.00   -397.96  97200.00   4  5.000E+02  1.144E-05  2.407E-06  9.143E-06  6.446E-06
   1  82      0.00   -397.96  97200.00   5  8.000E+02  5.386E-06  9.238E-07  4.348E-06  3.042E-06
   1  83      0.00   -459.18  97200.00   1  5.000E+01  7.678E-05  1.751E-06  7.674E-05  2.064E-06
   1  83      0.00   -459.18  97200.00   2  1.000E+02  3.522E-05  6.234E-07  3.521E-05  9.179E-07
   1  83      0.00   -459.18  97200.00   3  3.000E+02  2.769E-06  8.525E-07  1.619E-06  2.079E-06
   1  83      0.00   -459.18  97200.00   4  5.000E+02  4.576E-06  1.057E-06  3.479E-06  2.778E-06
   1  83      0.00   -459.18  97200.00   5  8.000E+02  8.760E-06  2.231E-06  5.675E-06  6.289E-06
   1  84      0.00   -520.41  97200.00   1  5.000E+01  5.161E-05  1.185E-06  5.159E-05  9.012E-07
   1  84      0.00   -520.41  97200.00   2  1.000E+02  1.514E-05  5.769E-07  1.505E-05  1.476E-06
   1  84      0.00   -520.41  97200.00   3  3.000E+02  3.946E-06  2.544E-08  3.718E-06  1.322E-06
   1  84      0.00   -520.41  97200.00   4  5.000E+02  2.556E-06  3.953E-07  7.810E-07  2.402E-06
   1  84      0.00   -520.41  97200.00   5  8.000E+02  6.333E-06  1.824E-06  3.394E-06  5.026E-06
   1  85      0.00   -581.63  97200.00   1  5.000E+01  3.353E-05  1.234E-06  3.340E-05  2.567E-06
   1  85      0.00   -581.63  97200.00   2  1.000E+02  6.029E-06  7.572E-07  5.827E-06  1.351E-06
   1  85      0.00   -581.63  97200.00   3  3.000E+02  2.119E-06  6.309E-07  1.356E-06  1.501E-06
   1  85      0.00   -581.63  97200.00   4  5.000E+02  6.797E-06  1.604E-06  3.918E-06  5.318E-06
   1  85      0.00   -581.63  97200.00   5  8.000E+02  3.741E-06  9.563E-07  1.845E-06  3.110E-06
   1  86      0.00   -642.86  97200.00   1  5.000E+01  1.864E-05  6.414E-07  1.859E-05  1.216E-06
   1  86      0.00   -642.86  97200.00   2  1.000E+02  4.756E-06  7.234E-07  3.815E-06  2.746E-06
   1  86      0.00   -642.86  97200.00   3  3.000E+02  5.865E-06  7.084E-07  5.529E-06  1.824E-06
   1  86      0.00   -642.86  97200.00   4  5.000E+02  4.288E-06  1.296E-07  4.075E-06  1.329E-06
   1  86      0.00   -642.86  97200.00   5  8.000E+02  4.602E-06  7.888E-07  3.550E-06  2.820E-06
   1  87      0.00   -704.08  97200.00   1  5.000E+01  1.059E-05  1.852E-07  1.058E-05  2.722E-07
   1  87      0.00   -704.08  97200.00   2  1.000E+02  3.485E-06  1.061E-06  2.404E-06  2.289E-06
   1  87      0.00   -704.08  97200.00   3  3.000E+02  2.795E-06  1.076E-06  1.076E-06  2.344E-06
   1  87      0.00   -704.08  97200.00   4  5.000E+02  6.678E-06  1.932E-06  3.094E-06  5.594E-06
   1  87      0.00   -704.08  97200.00   5  8.000E+02  2.786E-06  9.042E-07  2.533E-06  7.264E-07
   1  88      0.00   -765.31  97200.00   1  5.000E+01  6.657E-06  5.791E-07  6.628E-06  2.234E-07
   1  88      0.00   -765.31  97200.00   2  1.000E+02  1.605E-06  4.948E-07  9.907E-07  1.162E-06
   1  88      0.00   -765.31  97200.00   3  3.000E+02  3.586E-06  1.141E-06  2.592E-06  2.200E-06
   1  88      0.00   -765.31  97200.00   4  5.000E+02  4.418E-06  1.476E-06  1.369E-06  3.933E-06
   1  88      0.00   -765.31  97200.00   5  8.000E+02  5.021E-06  7.860E-07  4.356E-06  2.370E-06
   1  89      0.00   -826.53  97200.00   1  5.000E+01  4.316E-06  8.453E-07  3.926E-06  1.582E-06
   1  89      0.00   -826.53  97200.00   2  1.000E+02  2.235E-06  4.543E-07  1.664E-06  1.422E-06
   1  89      0.00   -826.53  97200.00   3  3.000E+02  4.264E-06  7.775E-07  3.906E-06  1.525E-06
   1  89      0.00   -826.53  97200.00   4  5.000E+02  6.182E-06  1.064E-06  5.091E-06  3.341E-06
   1  89      0.00   -826.53  97200.00   5  8.000E+02  9.395E-06  3.136E-06  5.400E-06  7.020E-06
   1  90      0.00   -887.76  97200.00   1  5.000E+01  1.375E-06  2.810E-07  1.005E-06  8.953E-07
   1  90      0.00   -887.76  97200.00   2  1.000E+02  1.430E-06  3.611E-07  1.346E-06  3.177E-07
   1  90      0.00   -887.76  97200.00   3  3.000E+02  5.397E-06  1.338E-06  3.756E-06  3.638E-06
   1  90      0.00   -887.76  97200.00   4  5.000E+02  3.843E-06  8.076E-07  3.014E-06  2.243E-06
   1  90      0.00   -887.76  97200.00   5  8.000E+02  6.148E-06  1.421E-06  4.487E-06  3.956E-06
   1  91      0.00   -948.98  97200.00   1  5.000E+01  2.178E-06  1.981E-07  1.165E-06  1.829E-06
   1  91      0.00   -948.98  97200.00   2  1.000E+02  1.751E-06  5.299E-07  1.061E-06  1.288E-06
   1  91      0.00   -948.98  97200.00   3  3.000E+02  2.557E-06  5.552E-07  1.884E-06  1.638E-06
   1  91      0.00   -948.98  97200.00   4  5.000E+02  5.888E-06  1.186E-06  4.393E-06  3.737E-06
   1  91      0.00   -948.98  97200.00   5  8.000E+02  5.318E-06  1.426E-06  4.135E-06  3.025E-06
   1  92      0.00  -1010.20  97200.00   1  5.000E+01  1.007E-06  4.695E-07  7.520E-08  8.881E-07
   1  92      0.00  -1010.20  97200.00   2  1.000E+02  2.053E-06  1.734E-07  2.043E-06  9.920E-08
   1  92      0.00  -1010.20  97200.00   3  3.000E+02  2.519E-06  1.011E-06  1.586E-06  1.676E-06
   1  92      0.00  -1010.20  97200.00   4  5.000E+02  2.494E-06  6.922E-07  8.420E-07  2.243E-06
   1  92      0.00  -1010.20  97200.00   5  8.000E+02  6.813E-06  7.715E-07  6.335E-06  2.385E-06
   1  93      0.00  -1071.43  97200.00   1  5.000E+01  1.567E-06  2.759E-07  1.497E-06  3.716E-07
   1  93      0.00  -1071.43  97200.00   2  1.000E+02  1.213E-06  5.906E-07  6.402E-07  8.437E-07
   1  93      0.00  -1071.43  97200.00   3  3.000E+02  2.562E-06  8.032E-07  1.813E-06  1.622E-06
   1  93      0.00  -1071.43  97200.00   4  5.000E+02  4.265E-06  7.967E-07  3.708E-06  1.951E-06
   1  93      0.00  -1071.43  97200.00   5  8.000E+02  2.978E-06  3.213E-07  2.872E-06  7.213E-07
   1  94      0.00  -1132.65  97200.00   1  5.000E+01  1.390E-06  3.291E-07  1.022E-06  8.823E-07
   1  94      0.00  -1132.65  97200.00   2  1.000E+02  2.385E-06  7.798E-08  2.338E-06  4.677E-07
   1  94      0.00  -1132.65  97200.00   3  3.000E+02  3.462E-06  1.388E-06  1.422E-06  2.834E-06
   1  94      0.00  -1132.65  97200.00   4  5.000E+02  5.162E-06  4.864E-07  4.778E-06  1.893E-06
   1  94      0.00  -1132.65  97200.00   5  8.000E+02  3.636E-06  9.745E-07  1.725E-06  3.049E-06
   1  95      0.00  -1193.88  97200.00   1  5.000E+01  2.240E-06  6.174E-07  1.720E-06  1.295E-06
   1  95      0.00  -1193.88  97200.00   2  1.000E+02  1.348E-06  2.020E-07  9.278E-07  9.565E-07
   1  95      0.00  -1193.88  97200.00   3  3.000E+02  1.168E-06  4.010E-07  3.538E-07  1.038E-06
   1  95      0.00  -1193.88  97200.00   4  5.000E+02  5.926E-06  1.103E-06  5.348E-06  2.300E-06
   1  95      0.00  -1193.88  97200.00   5  8.000E+02  4.245E-06  9.948E-07  3.787E-06  1.640E-06
   1  96      0.00  -1255.10  97200.00   1  5.000E+01  2.474E-06  7.677E-07  1.678E-06  1.647E-06
   1  96      0.00  -1255.10  97200.00   2  1.000E+02  4.023E-06  1.160E-06  2.510E-06  2.923E-06
   1  96      0.00  -1255.10  97200.00   3  3.000E+02  1.717E-06  5.258E-07  1.058E-06  1.245E-06
   1  96      0.00  -1255.10  97200.00   4  5.000E+02  4.336E-06  1.177E-06  1.676E-06  3.822E-06
   1  96      0.00  -1255.10  97200.00   5  8.000E+02  3.914E-06  3.944E-07  3.744E-06  1.070E-06
   1  97      0.00  -1316.33  97200.00   1  5.000E+01  2.422E-06  7.994E-07  1.097E-06  2.007E-06
   1  97      0.00  -1316.33  97200.00   2  1.000E+02  1.674E-06  2.352E-07  1.462E-06  7.811E-07
   1  97      0.00  -1316.33  97200.00   3  3.000E+02  2.082E-06  7.836E-07  6.519E-07  1.815E-06
   1  97      0.00  -1316.33  97200.00   4  5.000E+02  2.350E-06  4.648E-07  1.959E-06  1.212E-06
   1  97      0.00  -1316.33  97200.00   5  8.000E+02  7.791E-06  2.399E-06  4.690E-06  5.740E-06
   1  98      0.00  -1377.55  97200.00   1  5.000E+01  2.398E-06  6.477E-07  4.640E-07  2.261E-06
   1  98      0.00  -1377.55  97200.00   2  1.000E+02  3.308E-06  4.345E-07  3.239E-06  5.120E-07
   1  98      0.00  -1377.55  97200.00   3  3.000E+02  2.036E-06  3.831E-07  1.352E-06  1.473E-06
   1  98      0.00  -1377.55  97200.00   4  5.000E+02  4.482E-06  5.436E-07  3.958E-06  2.030E-06
   1  98      0.00  -1377.55  97200.00   5  8.000E+02  6.430E-06  1.331E-06  3.891E-06  4.943E-06
   1  99      0.00  -1438.78  97200.00   1  5.000E+01  1.246E-06  5.502E-07  9.821E-07  5.339E-07
   1  99      0.00  -1438.78  97200.00   2  1.000E+02  3.655E-06  4.376E-07  3.194E-06  1.722E-06
   1  99      0.00  -1438.78  97200.00   3  3.000E+02  3.744E-06  6.868E-07  2.914E-06  2.248E-06
   1  99      0.00  -1438.78  97200.00   4  5.000E+02  7.765E-06  1.090E-06  6.575E-06  3.984E-06
   1  99      0.00  -1438.78  97200.00   5  8.000E+02  1.248E-06  2.435E-07  1.212E-06  1.705E-07
   1 100      0.00  -1500.00  97200.00   1  5.000E+01  1.691E-06  4.074E-07  1.081E-06  1.235E-06
   1 100      0.00  -1500.00  97200.00   2  1.000E+02  2.910E-06  7.346E-07  1.895E-06  2.083E-06
   1 100      0.00  -1500.00  97200.00   3  3.000E+02  2.878E-06  1.098E-06  9.858E-07  2.471E-06
   1 100      0.00  -1500.00  97200.00   4  5.000E+02  4.116E-06  6.288E-07  3.846E-06  1.323E-06
   1 100      0.00  -1500.00  97200.00   5  8.000E+02  4.520E-06  1.724E-06  7.312E-07  4.114E-06
